   4.8347063e+00   1.5656564e-01   1.2199827e+00   1.5604768e-01   7.9199577e-02   2.3607508e+00   1.6356280e+00   5.8382104e-01   1.2621380e+00  -1.5442290e+00
   1.5656564e-01   2.0063228e+00   4.8600820e-02   5.9679361e-03   1.3247775e-03   8.7395814e-02   5.7677222e-02   1.8989769e-02   3.4932449e-02  -7.0419734e-02
   1.2199827e+00   4.8600820e-02   3.3670873e+00   4.2629060e-02  -8.0141545e-03   5.9463645e-01   3.6198068e-01   1.0141052e-01   1.1274317e-01  -6.1953038e-01
   1.5604768e-01   5.9679361e-03   4.2629060e-02   5.0040105e+00  -7.8516022e-03   4.3907911e-02   1.3745381e-02  -4.3622027e-03  -4.4941278e-02  -1.0560492e-01
   7.9199577e-02   1.3247775e-03  -8.0141545e-03  -7.8516022e-03   9.9492159e+00  -1.9813227e-01  -2.1620760e-01  -1.2104432e-01  -4.2976661e-01  -2.3431543e-01
   2.3607508e+00   8.7395814e-02   5.9463645e-01   4.3907911e-02  -1.9813227e-01   6.2905286e+00  -1.7047332e-01  -2.6747565e-01  -1.3699050e+00  -1.9040477e+00
   1.6356280e+00   5.7677222e-02   3.6198068e-01   1.3745381e-02  -2.1620760e-01  -1.7047332e-01   6.5054585e+00  -3.8574225e-01  -1.6355179e+00  -1.6240094e+00
   5.8382104e-01   1.8989769e-02   1.0141052e-01  -4.3622027e-03  -1.2104432e-01  -2.6747565e-01  -3.8574225e-01   7.7509173e+00  -9.6527828e-01  -7.4908482e-01
   1.2621380e+00   3.4932449e-02   1.1274317e-01  -4.4941278e-02  -4.2976661e-01  -1.3699050e+00  -1.6355179e+00  -9.6527828e-01   5.4515577e+00  -2.2684879e+00
  -1.5442290e+00  -7.0419734e-02  -6.1953038e-01  -1.0560492e-01  -2.3431543e-01  -1.9040477e+00  -1.6240094e+00  -7.4908482e-01  -2.2684879e+00   9.8840195e+01
