   3.0788797e+00   2.0141920e+00   7.4146974e-02   1.1324119e+00   7.8400467e-01   1.2093148e-01  -2.0057210e-02  -7.1554933e-01   2.1291881e+00  -3.8593252e-01
   2.0141920e+00   3.9090687e+00   3.6133615e-02   9.2595966e-01   6.4107121e-01   9.8884222e-02  -1.2384394e-01  -9.9493356e-01   2.0180628e+00  -7.8088466e-01
   7.4146974e-02   3.6133615e-02   6.9726098e+00  -1.0363094e-01  -7.1747039e-02  -1.1066865e-02  -8.8542173e-02  -2.7925867e-01   3.8196417e-02  -3.5608656e-01
   1.1324119e+00   9.2595966e-01  -1.0363094e-01   4.9262543e+00  -5.1056723e-02  -7.8754072e-03  -4.3206578e-01  -1.6064769e+00   9.7882460e-01  -1.8516997e+00
   7.8400467e-01   6.4107121e-01  -7.1747039e-02  -5.1056723e-02   4.9646526e+00  -5.4524180e-03  -2.9913299e-01  -1.1122153e+00   6.7767128e-01  -1.2819910e+00
   1.2093148e-01   9.8884222e-02  -1.1066865e-02  -7.8754072e-03  -5.4524180e-03   4.9991596e+00  -4.6140783e-02  -1.7155743e-01   1.0452973e-01  -1.9774505e-01
  -2.0057210e-02  -1.2384394e-01  -8.8542173e-02  -4.3206578e-01  -2.9913299e-01  -4.6140783e-02   8.7433731e+00  -7.3506721e-01  -1.3091506e-01  -9.9728279e-01
  -7.1554933e-01  -9.9493356e-01  -2.7925867e-01  -1.6064769e+00  -1.1122153e+00  -1.7155743e-01  -7.3506721e-01   1.0872690e+01  -1.0517387e+00  -2.7591344e+00
   2.1291881e+00   2.0180628e+00   3.8196417e-02   9.7882460e-01   6.7767128e-01   1.0452973e-01  -1.3091506e-01  -1.0517387e+00   4.1332838e+00  -8.2546965e-01
  -3.8593252e-01  -7.8088466e-01  -3.5608656e-01  -1.8516997e+00  -1.2819910e+00  -1.9774505e-01  -9.9728279e-01  -2.7591344e+00  -8.2546965e-01   6.1700344e+00
