  1.5832907e+008  7.1384358e+006  6.2099163e+007  1.0353597e+007  2.1778177e+007  1.8433833e+008  1.5316536e+008  6.4729904e+007 -1.0635788e+008 -2.2518196e+007
  7.1384358e+006  3.2184762e+005  2.7998075e+006  4.6680306e+005  9.8189251e+005  8.3110919e+006  6.9056246e+006  2.9184173e+006 -4.7952593e+006 -1.0152570e+006
  6.2099163e+007  2.7998075e+006  2.4357124e+007  4.0608447e+006  8.5417457e+006  7.2300412e+007  6.0073875e+007  2.5388088e+007 -4.1715486e+007 -8.8320157e+006
  1.0353597e+007  4.6680306e+005  4.0608447e+006  6.8639174e+005  1.4241383e+006  1.2054419e+007  1.0015924e+007  4.2328676e+006 -6.9554968e+006 -1.4725725e+006
  2.1778177e+007  9.8189251e+005  8.5417457e+006  1.4241383e+006  3.0634637e+006  2.5355748e+007  2.1067852e+007  8.9034680e+006 -1.4636358e+007 -3.0980257e+006
  1.8433833e+008  8.3110919e+006  7.2300412e+007  1.2054419e+007  2.5355748e+007  2.1537734e+008  1.7832102e+008  7.5350421e+007 -1.2447532e+008 -2.6278466e+007
  1.5316536e+008  6.9056246e+006  6.0073875e+007  1.0015924e+007  2.1067852e+007  1.7832102e+008  1.5555709e+008  6.2512125e+007 -1.0823216e+008 -2.2289632e+007
  6.4729904e+007  2.9184173e+006  2.5388088e+007  4.2328676e+006  8.9034680e+006  7.5350421e+007  6.2512125e+007  6.5429329e+007 -5.6352355e+007 -1.0424581e+007
 -1.0635788e+008 -4.7952593e+006 -4.1715486e+007 -6.9554968e+006 -1.4636358e+007 -1.2447532e+008 -1.0823216e+008 -5.6352355e+007  8.2420140e+007 -4.5890543e+007
 -2.2518196e+007 -1.0152570e+006 -8.8320157e+006 -1.4725725e+006 -3.0980257e+006 -2.6278466e+007 -2.2289632e+007 -1.0424581e+007 -4.5890543e+007  1.7092928e+009
