   1.1245335e+00   1.5418461e-01  -1.1740068e+00   7.4878598e-01  -3.0256979e-01   5.4715446e-02   4.1507978e-01  -1.7958699e-01   7.1489796e-01   3.7414147e-01
   1.5418461e-01   7.9012327e-01  -4.6259052e-01   2.9661085e-01  -1.1890669e-01   2.1739666e-02   1.6440134e-01  -7.0809190e-02   2.8316124e-01   1.4817447e-01
  -1.1740068e+00  -4.6259052e-01   2.9317903e+00  -1.3210761e+00  -1.4251118e+00  -2.3221086e-01  -6.8885992e-01  -3.6349497e-01  -1.2079608e+00  -5.9536749e-01
   7.4878598e-01   2.9661085e-01  -1.3210761e+00   1.4362855e+00  -2.4737987e-01   1.1502112e-01   7.1867053e-01  -2.1603137e-01   1.2408651e+00   6.4412405e-01
  -3.0256979e-01  -1.1890669e-01  -1.4251118e+00  -2.4737987e-01   3.0779281e+00  -6.6468142e-02  -1.2163054e-01  -1.8332370e-01  -2.1716416e-01  -1.0052090e-01
   5.4715446e-02   2.1739666e-02  -2.3221086e-01   1.1502112e-01  -6.6468142e-02   1.0591128e+00   6.4203972e-02  -3.4529045e-02   1.1035976e-01   5.8132441e-02
   4.1507978e-01   1.6440134e-01  -6.8885992e-01   7.1867053e-01  -1.2163054e-01   6.4203972e-02   4.4754120e-01  -1.1375018e-01   6.8155112e-01   3.5351738e-01
  -1.7958699e-01  -7.0809190e-02  -3.6349497e-01  -2.1603137e-01  -1.8332370e-01  -3.4529045e-02  -1.1375018e-01   8.1140043e+00  -1.9888751e-01  -9.9001406e-02
   7.1489796e-01   2.8316124e-01  -1.2079608e+00   1.2408651e+00  -2.1716416e-01   1.1035976e-01   6.8155112e-01  -1.9888751e-01   1.2522206e+00   6.1062377e-01
   3.7414147e-01   1.4817447e-01  -5.9536749e-01   6.4412405e-01  -1.0052090e-01   5.8132441e-02   3.5351738e-01  -9.9001406e-02   6.1062377e-01   3.1691130e-01
