   2.9608768e+00   9.5702985e-02   2.0119566e+00   1.6331305e+00   1.1865892e+00   1.0897077e+00   8.3799913e-01   3.2053323e-01   3.3217604e-01  -4.6962014e+00
   9.5702985e-02   2.0046082e+00   9.5215210e-02   7.3149537e-02   5.3146470e-02   4.6534574e-02   3.3073481e-02   1.0824950e-02   7.0082843e-03  -2.5864964e-01
   2.0119566e+00   9.5215210e-02   4.9226165e+00   1.3638379e+00   9.9083146e-01   8.0185811e-01   4.8766118e-01   9.9713678e-02  -9.6863215e-02  -6.2188215e+00
   1.6331305e+00   7.3149537e-02   1.3638379e+00   5.6741640e+00   4.8961652e-01   2.1188852e-01  -1.2079167e-01  -2.3718753e-01  -6.8621726e-01  -6.9917342e+00
   1.1865892e+00   5.3146470e-02   9.9083146e-01   4.8961652e-01   5.3565874e+00   1.5373641e-01  -8.8018388e-02  -1.7249079e-01  -4.9888637e-01  -5.0809652e+00
   1.0897077e+00   4.6534574e-02   8.0185811e-01   2.1188852e-01   1.5373641e-01   5.9000765e+00  -3.6458360e-01  -3.3313299e-01  -7.9186356e-01  -5.7337400e+00
   8.3799913e-01   3.3073481e-02   4.8766118e-01  -1.2079167e-01  -8.8018388e-02  -3.6458360e-01   6.3809976e+00  -4.6470331e-01  -1.0072068e+00  -5.6834319e+00
   3.2053323e-01   1.0824950e-02   9.9713678e-02  -2.3718753e-01  -1.7249079e-01  -3.3313299e-01  -4.6470331e-01   7.6818958e+00  -6.5332191e-01  -3.0315161e+00
   3.3217604e-01   7.0082843e-03  -9.6863215e-02  -6.8621726e-01  -4.9888637e-01  -7.9186356e-01  -1.0072068e+00  -6.5332191e-01   7.7047805e+00  -5.1193003e+00
  -4.6962014e+00  -2.5864964e-01  -6.2188215e+00  -6.9917342e+00  -5.0809652e+00  -5.7337400e+00  -5.6834319e+00  -3.0315161e+00  -5.1193003e+00   9.6414397e+01
