  3.2233326e+000 -4.2417286e-004  2.5305773e-002  1.3958073e+000  3.5080231e-001  1.9404164e+000  1.2573343e+000  6.2137981e-002  3.5520984e-001  3.8658596e-003
 -4.2417286e-004  9.7009962e+000 -1.1533379e-001 -5.2360661e-002 -7.4186732e-002  1.5245963e-003 -3.3668290e-002 -5.0527162e-002 -7.0750011e-002 -2.3318899e-002
  2.5305773e-002 -1.1533379e-001  6.8751658e+000 -1.1945888e+000 -1.7273318e+000  7.7147442e-002 -7.6043477e-001 -1.1802331e+000 -1.6468709e+000 -5.4522252e-001
  1.3958073e+000 -5.2360661e-002 -1.1945888e+000  5.4882262e+000 -4.8402314e-001  1.6656161e+000  7.1385019e-001 -4.7994461e-001 -4.4403888e-001 -2.4259249e-001
  3.5080231e-001 -7.4186732e-002 -1.7273318e+000 -4.8402314e-001  6.9642619e+000  4.4366132e-001 -2.3320796e-001 -7.4566557e-001 -9.8595240e-001 -3.4951380e-001
  1.9404164e+000  1.5245963e-003  7.7147442e-002  1.6656161e+000  4.4366132e-001  3.7038580e+000  1.4948360e+000  9.3931748e-002  4.4744232e-001  1.4125041e-002
  1.2573343e+000 -3.3668290e-002 -7.6043477e-001  7.1385019e-001 -2.3320796e-001  1.4948360e+000  4.9519063e+000 -2.9408530e-001 -2.0659959e-001 -1.5470619e-001
  6.2137981e-002 -5.0527162e-002 -1.1802331e+000 -4.7994461e-001 -7.4566557e-001  9.3931748e-002 -2.9408530e-001  8.6423615e+000 -7.1028860e-001 -2.3867730e-001
  3.5520984e-001 -7.0750011e-002 -1.6468709e+000 -4.4403888e-001 -9.8595240e-001  4.4744232e-001 -2.0659959e-001 -7.1028860e-001  6.9863265e+000 -3.3324884e-001
  3.8658596e-003 -2.3318899e-002 -5.4522252e-001 -2.4259249e-001 -3.4951380e-001  1.4125041e-002 -1.5470619e-001 -2.3867730e-001 -3.3324884e-001  9.4846833e+000
