   2.0060652e+00   6.7420816e-02  -3.3433325e-01  -1.0250700e+00   1.1539480e-01  -1.1978799e+00   1.9318334e-01  -3.7266954e-01  -1.4949202e-01  -1.3769056e+00
   6.7420816e-02   9.7138704e-01   4.5243393e-01  -6.4261237e-02   6.8754077e-01  -2.8891429e-01   1.1972092e+00   2.2999863e-01   6.0689107e-01  -2.7891994e-01
  -3.3433325e-01   4.5243393e-01   1.7533082e+00  -2.3198767e-01   4.1747387e-01  -3.9410049e-01   7.2546895e-01   6.1410128e-02   3.2068381e-01  -4.2241083e-01
  -1.0250700e+00  -6.4261237e-02  -2.3198767e-01   4.0975058e+00  -2.9451941e-02  -5.8325379e-01  -5.5301987e-02  -2.2297927e-01  -1.5625074e-01  -6.7732484e-01
   1.1539480e-01   6.8754077e-01   4.1747387e-01  -2.9451941e-02   6.1716802e-01  -2.2731816e-01   1.0747077e+00   2.1786672e-01   5.5167687e-01  -2.1332022e-01
  -1.1978799e+00  -2.8891429e-01  -3.9410049e-01  -5.8325379e-01  -2.2731816e-01   6.1785710e+00  -4.0044779e-01  -3.2115584e-01  -3.5045510e-01  -7.0049959e-01
   1.9318334e-01   1.1972092e+00   7.2546895e-01  -5.5301987e-02   1.0747077e+00  -4.0044779e-01   1.8894780e+00   3.7782087e-01   9.5983033e-01  -3.7678232e-01
  -3.7266954e-01   2.2999863e-01   6.1410128e-02  -2.2297927e-01   2.1786672e-01  -3.2115584e-01   3.7782087e-01   2.2436681e+00   1.4210006e-01  -3.5408660e-01
  -1.4949202e-01   6.0689107e-01   3.2068381e-01  -1.5625074e-01   5.5167687e-01  -3.5045510e-01   9.5983033e-01   1.4210006e-01   1.3526625e+00  -3.6108676e-01
  -1.3769056e+00  -2.7891994e-01  -4.2241083e-01  -6.7732484e-01  -2.1332022e-01  -7.0049959e-01  -3.7678232e-01  -3.5408660e-01  -3.6108676e-01   5.3081729e+00
